world.boundingbox.min.lat:50.8683593937
world.boundingbox.max.lat:51.0024728092
world.boundingbox.min.lon:5.1794953728
world.boundingbox.max.lon:5.4558704844