world.boundingbox.min.lat:50.9120410783
world.boundingbox.max.lat:50.943778202
world.boundingbox.min.lon:5.3122514133
world.boundingbox.max.lon:5.3620598054